функция1: ( 0, 0.0) (10, 0.7) (30, 0.7) (50, 0.0)
функция2: (30, 0.0) (35, 0.7) (65, 0.7) (90, 0.0)
функция3: (35, 0.0) (40, 0.7) (60, 0)
функция4: (10, 0.0) (45, 0.5)
функция5: (10, 0.4) (45, 0.0)
функция6: (20, 0.0) (30, 0.5) (40, 0.5) (70, 0.0)

функция1: ( 0, 0.0) (10, 0.7) (30, 0.7) (50, 0.0)
функция2: (30, 0.0) (35, 0.7) (65, 0.7) (90, 0.0)
функция3: (35, 0.0) (40, 0.7) (60, 0)
функция4: (10, 0.0) (45, 0.5)
функция5: (10, 0.4) (45, 0.0)
функция6: (20, 0.0) (30, 0.5) (40, 0.5) (70, 0.0)

функция1: ( 0, 0.0) (10, 0.7) (30, 0.7) (50, 0.0)
функция2: ( 5, 0.0) (15, 0.4) (20, 0.4) (30, 0.0)
функция3: (15, 0.0) (20, 0.7) (40, 0)
функция4: (25, 0.0) (40, 0.7) (45, 0)
функция5: (10, 0.0) (45, 0.7)

функция1: ( 2, 0) (4,  1) (8,  1) (10, 0)
функция2: ( 7, 0) (9,  1) (11, 0)
функция3: (12, 0) (14, 1) (20, 1) (22, 0)

// данино
функция1: ( 2, 0.0) (4, 0.7) (8, 0.7) (10, 0.0)
функция2: (12, 0.0) (14, 0.7) (20, 0.7) (22, 0)

времена года
продолжительность светового дня
температура
осадки

написать правила, которые скажут что это за сезон